1980 999827786
965312299
607344464
613073302
717607425
923719004
189278415
115616641
923028910
295953995
588512678
838054407
56606346
6790416
174818053
470604137
127100845
607975945
974940967
295006488
295283234
257445759
598983146
523698371
539991282
64705539
277865814
138404793
275980613
71604848
404650189
872465338
758357421
738208446
703559451
190560595
374292225
165694826
51071032
158064141
323984133
628419653
238062412
572037326
715941525
670751300
865346682
800255942
557817980
689728414
694117264
272495920
475668601
893839977
160546124
48435213
874867237
666122517
103450956
311515782
260714493
633474003
568478107
115668156
765566650
424130553
421713490
519946934
927570644
551651958
323375842
347686366
729195507
111340615
104128689
187537467
757036512
263248948
949507498
585999676
260008369
149043561
35193116
959747260
690918992
801682033
281916471
708494309
851406785
528014844
794154435
294973337
116256903
257482013
25940521
142730142
189286580
512330769
284616599
409503393
809113084
383492842
347252837
774430464
753871111
708663829
137191607
820486472
613174582
240595193
608482133
442799616
720176899
920218623
377153085
568697067
218582704
873578460
428190619
318399448
798742703
465010481
970322166
141447726
785361618
39170559
521504224
135728496
858682035
76614079
25430338
29154020
517830750
572725789
711618947
34710294
429755729
931284927
129262396
890305406
49760618
855153778
229082201
189464823
706692110
92033482
150728479
14018589
85972879
946042547
694435147
134206072
844926121
734873496
741770698
50047782
854631287
358445435
471405821
817453407
370330635
417695181
979104530
81881305
528568325
628026067
447736461
762417605
264149097
180185925
887430270
510675569
361000709
814329517
193294349
862872696
353307074
748372365
736282305
236581468
120603499
719922188
761704906
840563373
841412578
690111756
631363705
900769722
790538267
849284975
17579455
648045834
198961894
921930702
135286382
505869611
742706134
453472107
692861059
272976916
979141295
584347227
830994270
944208689
481044307
419520821
114353800
557794838
22974709
369384737
412250562
69727697
473708213
363597633
903669619
376577144
348575064
39345045
812157281
256341594
651202328
34955499
951235832
315871660
569459082
984216971
895925031
968569467
318600677
352151006
65232427
960503464
583680914
1020084
101694634
320626980
78513871
626336666
759958127
442622425
523946256
609095160
478430424
583944407
532267663
184461461
415222339
283998987
207428366
715934481
217871807
106765445
224467886
979660559
652392358
741755687
712632773
465074101
53321046
476363073
641513444
50832281
957987805
893271656
621049309
49250539
245347557
129392171
648067692
645028987
435982690
89520077
988208961
447847944
560693378
102850193
68587469
63386969
787122102
269968076
170597682
854020559
505378426
595882679
346163989
165180069
5609055
202414746
913112798
64573403
931658404
505883037
241845742
805131716
466962519
622205662
636593563
874851910
691928764
49181874
592306036
290713271
357373543
461976083
754327753
671100160
902630864
652069434
420394422
460791207
39395105
515531945
749806706
309562251
85271188
310316266
237632682
90939967
204572921
399572516
630567281
80086204
51134746
763286405
325155223
888291252
885130149
476650209
957741053
106948031
459281580
895985390
405143530
750989843
237781733
854326165
133239945
37910525
423423735
63869938
353289749
563075046
937749655
508681189
119562809
334334072
917015636
43997457
966143626
852193916
105060995
988991098
683920101
441594029
781185313
179546780
893359143
536517837
863963072
213192818
512611723
620624732
577303377
411496898
739065898
970866368
368928249
390343669
601005218
197032356
882162438
779838645
708055721
145195569
446276735
563640051
617297147
504284580
521344629
819713905
856277248
62041060
238865246
111013986
868106947
322065848
382015630
22483315
864276911
152611700
14157572
29725237
912322145
136821151
869830227
244500168
135747594
930417302
518537402
852207208
117616510
996618420
787777542
209725947
309037428
730132839
738406154
534049879
475608650
972724271
572563439
11627392
100725276
537271475
503027717
374878061
730683876
669255930
264030181
433148389
679842143
655789911
667013054
119845725
758619172
239087676
823487198
49270161
76247863
201163239
550479844
205393062
9098848
341817706
945490866
741148121
996417444
71053461
196857667
123581138
934517669
39920241
433895437
130896637
477088079
679877948
234179991
12783874
489710494
7069105
260706316
616751650
423708002
488427580
892697205
507536313
751031581
85916685
890615722
312628259
288958406
107397222
983159630
669075478
912498747
108443752
393197502
346850460
567250340
316213277
489627709
47948584
85464801
681109652
631050070
82147625
55558096
503908158
781769734
774229864
891470035
591025064
316728851
247863301
943320835
451351982
46079781
857016386
540448192
205195137
124585210
424855600
159956938
673050627
806799883
63199944
932197467
56669169
330913118
269543705
342878435
317972107
969752558
5092122
566845040
541314509
162479010
130607285
982549582
122795998
240507928
211921908
493887456
684653044
442707801
722538922
138202458
223155731
973272567
631394033
235550556
197838281
391675377
555170026
735332240
99141329
813387258
633889143
241518818
712203245
47179561
226809854
545906462
844403717
447218196
83254203
148710786
40193389
95384535
368741343
533926828
64543832
586300112
737459936
168585848
433212636
580040639
583029180
841432395
487345360
218297488
401717988
528638214
124471419
155646525
52446351
662043245
41354208
501784728
566585917
23197812
319821420
38396775
536642724
167947883
78848218
224704586
529368812
965313186
116400870
828106312
312503658
72783905
831078031
158980451
415749815
933168127
430812691
107499907
620950234
147458179
126687248
694751427
205433580
769941351
344051975
33137312
960338689
72003224
139316563
375583652
15553053
456173369
850666378
518230774
380581577
178021606
73647608
292393580
64739059
789708054
910278728
526650707
116645761
132705405
204599356
701001148
916461008
499359458
536041126
85256280
627181544
82601270
959321909
147139508
904261273
355527403
867936537
83660482
104803886
994987260
112960595
819955839
601649031
993316403
325734769
705912084
443320782
326762378
855584317
126680221
281191392
93798116
333793889
506681319
93804979
722509397
662308864
567386517
466250318
102292451
476910346
440286704
296431602
210207885
714742104
859380446
609276496
594038616
860436011
634768498
4612975
146729642
937977001
811440390
357819402
768637718
514888369
623708251
869835535
866816104
106753124
56492010
267579817
141252771
588268773
691097249
972481211
979983825
927350798
649091598
71000263
109179753
998644562
519395872
749071923
131999715
921771450
72991336
878576592
808493393
210840685
118608697
243604224
821595337
697608640
629691029
112200829
343834816
89486519
694465761
34949522
728809739
471122021
516232740
986119751
64251903
151699907
5638441
79449083
763229717
489146524
5566371
401734988
96995156
42751621
398675766
318676706
480933818
369676673
497245496
710485196
89460006
327124636
863714952
705732996
670850894
131818767
923983118
702513782
37733177
897855858
156105844
414113764
572501053
662511724
460846300
672230363
452111578
204741614
595817493
666999415
268403687
146343431
888690102
867974062
632983328
158025306
832692654
763483311
171196313
700430129
557136131
208611985
595206468
974532210
604454563
970918143
93663543
291397837
995859401
809408767
672419117
368301324
908318916
995272274
956506725
869217966
177428686
428698566
762374618
66700783
968196098
473837240
719426165
687525259
108157666
328085902
112711144
442152337
928101286
62316150
988884322
915275068
987781336
485410612
271298306
956905183
889980694
849737562
91420983
983432304
266165689
115595046
245046456
562237135
51781219
512759337
647656419
891400137
631472085
675460725
583334352
637143289
895909315
119889928
73698659
908303538
55804865
183787851
212843146
137303853
957644939
454864566
915388662
796452988
434218695
338746046
988425158
646764260
241277734
564608824
352907317
388315139
793805448
479366210
203423273
957542839
484600041
486984179
814308858
71906449
511710176
208297079
783567393
699371806
707616079
265713886
493379539
538379353
913344446
332391152
181162267
657325640
494790480
338222346
634364726
410519185
489670540
214499801
7672559
631317009
394513759
820013060
796508771
982679506
887635530
239635724
611606622
638544532
72491283
306164816
389888456
332278375
97119145
541322929
649200346
343586445
154030182
633463903
989554406
481276954
851943903
56361458
842131554
316046823
977288891
973823356
362372473
517396269
957904697
951282974
113973666
48077279
756462585
527728662
923471410
939811048
568650935
506553238
207803905
195101129
271391438
927000963
178941638
124875701
584753826
232485273
813594010
310294719
395836038
736015476
577760023
701562267
387137626
175448587
205548716
113777475
964114780
984242157
46600709
360508021
945323358
880909010
144392884
756441532
785999259
50227077
534614319
782995547
980240104
444807987
592939137
596258270
531886831
866083022
128750999
336925439
557510547
754805743
737116170
791649971
52600580
932814737
131850971
503872764
811643323
841778286
77615029
651522657
780613063
331788626
410943514
185292340
228247067
66664490
154069821
420485278
746653485
357053424
471782633
657245671
63789458
966807761
486667417
243057954
298291364
84217459
135028727
107789000
231307717
849742004
448370646
842496002
659990520
76901764
403947874
369898
605612387
709430536
741165731
333788043
209721134
96987615
656374579
108036036
475879508
14695553
389176187
474884475
702264585
683619642
112375425
602401458
923620711
480957670
539692694
714465251
379972915
144683663
495678264
939483002
65875456
198700411
564520982
225642762
38939749
756999868
121950954
262544148
818736915
984047949
466100974
94517304
694474593
99097995
239691957
968822831
71300241
308981400
75803722
903167390
416685497
257541537
966066874
507186876
181631697
693505472
368989081
983000708
733670106
116562016
469756441
557231154
79930804
271340342
482798635
621232208
543535786
103107123
580510618
328224107
927879574
82972953
505893683
690647316
130514013
850215810
418195439
807407268
554333705
165006174
514739662
689620643
7792065
577270835
352698829
409077564
741489260
801532937
304604299
593259082
801941804
110910646
140125502
49539461
291356854
4497805
132420553
886192603
493757982
711643336
515304971
776428728
576150999
43284778
359963593
976607735
226523034
490575160
414882857
72653899
301523736
532538806
547315055
31727672
815812452
145311145
590855956
71878324
917859654
103797634
18084954
569793602
480653899
717789574
886918574
520589211
535623299
723481236
344520384
16405031
199949801
395666187
843238607
811769797
424568835
88255945
879223936
167516245
360879386
596732363
179027763
219404776
924575817
875969995
490396931
374358351
122163340
761073370
411482911
750187211
718216943
57205846
596279779
175165318
967286890
933945059
381063462
690233683
91452543
992116300
494109292
655113777
101044226
76566087
481528231
583197322
153469276
125937278
220719786
11880250
111356334
615862836
168475086
727112382
441735231
370522368
247990871
688485540
720191761
271228001
551406697
901708292
111056599
978902979
768827599
54420430
166944652
552204909
563258842
658880468
589855322
895632919
843195280
231283199
107051839
281472455
999750044
46128815
391857872
535139109
205667946
251358439
736775150
922781005
622434715
682009140
683633182
973006227
751311077
684389894
857361335
894228495
733206415
661586606
642794179
736465070
964698712
27523060
138985861
725740404
260017408
166264592
804130094
131382504
601948149
854486199
390559624
807223050
623744432
752382609
322737148
703757699
290729243
845570012
373938653
721940689
536584526
843309696
203936673
312641957
494164757
122524309
942067417
891176229
456224120
794001416
112286677
532588953
202543570
840237233
571913212
837149763
409621278
351160161
250747937
226719473
219288729
437046590
416787021
296941216
547128143
34682497
643002202
118919547
12705225
128408794
234763083
237528022
398767419
504411220
632265471
204408944
695481021
327095576
819331385
120501046
643381743
957477209
733620514
631897881
333979647
47433941
138657198
84676353
715906640
157356898
205328999
659939214
487020968
446481274
992407888
579776158
531143348
474991860
528667906
794487451
100402868
298775122
105755054
373035398
896022349
695144101
112974039
973894207
121470351
299921200
863105501
346364539
539291654
704914032
330261380
307744861
640265431
762561572
927537201
175463429
916164281
274418349
329146271
181313533
44829562
633355147
81887686
628514450
175677269
441366145
652768471
279930354
803126639
378324938
214683472
824396326
639060840
112185361
736668935
968473272
43829401
348327504
364953344
151202653
246663587
455371795
460333480
315423254
177306850
230353053
366608367
338467601
47868115
258741201
359931220
867691568
262776798
891864693
397658478
920931245
610745961
675614236
287132315
89270936
458034296
737353674
393042932
317476961
476913476
101390540
799546866
39491180
395808133
254459247
379162094
404634810
609479157
723608015
640570450
685778635
856613884
351970184
773849532
527955435
43485219
119954096
53069341
57706141
194023493
986776862
126373034
94192231
77307111
931779925
310712418
846414173
106929059
685336434
784436893
530974974
767889808
165352312
434522643
829603632
384442917
504842865
22220119
527586390
411412211
228095210
587757181
381940468
932037042
843173845
87633665
310977463
698999100
168148235
558732619
16808927
81409973
786637732
653031364
456196067
594323572
308042525
713459133
18759581
725993558
244399189
375949446
434827565
989634713
670868847
54711647
576432040
343752212
548315118
248124981
427854002
657975597
734563938
696636193
193032303
571816177
510535260
475685450
207736953
514869759
376403290
640462689
950886430
281700539
66020653
632530953
280991773
834779443
23613500
367481986
294921507
991154855
820157023
815565597
204872042
114025426
536532584
985904357
272328010
643421536
114294015
738145928
705049961
820970803
308925883
714369661
302375026
733426411
532514212
960323143
525410764
423968766
720369795
685018234
947642050
556153246
330561582
666039902
908623469
616967602
489868118
147001725
982583234
503713245
628636999
176222235
38291771
816773512
637780141
778041800
31260094
415112818
237925172
911207210
906540617
560510551
77004640
513608387
103082972
299555822
49323143
602308290
580040514
404970811
938942975
744161738
154474515
91706305
500110379
231845601
449939500
608594762
833691133
985860843
977416926
890535566
415985615
671819688
94878668
402086243
528392248
640213294
579617965
711521467
235914697
860566954
342267289
605681380
794869331
904230840
853886401
992465008
144944836
905455594
217204996
893109011
532335211
707470051
193849916
407375135
185700796
390739377
101151787
314729134
542446825
23323348
128295578
145149619
628668032
397301950
751804507
797735716
385540002
993800523
23754107
790115590
601115971
466848195
231881421
875704742
105080718
396636873
341185214
893515391
616110126
648349362
346773968
9421631
617716212
312667185
867393662
658489962
343110158
50235494
951507987
966019064
99610105
780877753
308725407
809064659
285610544
131694983
10052671
145369560
281755086
419690468
574225939
184039270
158013207
140813696
447979350
12128537
535304551
130821452
55625456
162682145
849310523
694810123
105732305
493878555
340932012
442065511
207571361
20251272
841560904
778599920
234589043
101890822
655230628
987694523
878626255
891514060
814004674
296865427
85248651
594904112
616274965
161568137
679884161
61239537
979318928
763459049
844631056
68376008
283223687
788388638
961236473
648892249
47482160
367271511
639536497
919360876
311765644
422360106
35268129
308732765
151849897
835553102
283033040
714418773
958481012
115411645
32758700
691768161
338633410
104885216
383210695
84777083
890396992
178090059
962381002
204246465
408065793
136054900
356422245
96003329
887263320
885979223
290993142
794547857
340783544
321099086
297696225
397712996
869232277
665379716
988952012
561980551
722974541
811518795
66564408
413408188
685432642
786133512
309328607
569059256
93412474
688874602
241277954
825050536
271447295
638306456
324798261
762299841
33030511
979623431
940040998
498136702
368314755
172091297
469132350
62887598
475576831
589906332
927166248
615831750
163771783
799902532
415871127
459673603
84678021
189192088
872487523
349032470
861337031
427407491
401382122
473848862
932186744
242148244
117662869
434914548
896787716
531475873
894096613
906717385
766602669
496707332
210120653
977710141
724544047
133001888
676195905
150351650
595166701
959491422
755081594
435601986
30905686
986142832
293861484
974428745
324608078
257972064
548661
981320662
546105704
298822424
212612744
178994914
56962837
797533645
97177362
111309350
344555823
224369746
945413400
739414307
882656189
153159411
947511252
189918502
628139548
16660854
925185843
138070481
796526551
414345156
237560721
53443044
126606291
836117878
337366174
111757778
524992511
575068689
964722560
871068509
474517240
125967505
993340070
837426325
789817764
249897906
634227345
241428912
360379467
313601728
639568231
146472645
488271766
870720635
96538541
602446491
764498501
730868425
8533306
208093667
516479222
47666141
947284450
406920548
352136324
466635643
227668478
304759017
432882399
33057327
557539970
428143318
794013324
255643068
266698648
111575029
302828907
495871272
116330769
276979772
327213616
288732404
82110677
695074904
705412752
127151602
554623678
95441974
821186009
901415406
447909819
187582294
913225505
879999271
929988482
589220642
604259267
848539169
462337146
26997834
387771453
706844074
887817405
278829586
492515886
194711190
699955059
658338314
159037642
480606530
425107972
395170940
202349447
470917942
251093234
951548784
600203811
406723287
597084354
859737792
134355963
858522598
840464367
990153875
755717633
649323976
623731599
37056310
709230625
381377999
208322782
384507835
885256501
27653833
965809979
894744712
808056130
434854044
617733367
318128286
320248380
407428652
9180519
233135423
141237844
118343011
746652834
648590770
922830271
11178403
838176127
779022892
883106970
815338587
84962916
551214569
764663222
925422800
734511370
130846347
939126574
464794765
518211346
308399198
904561170
831485141
951947131
627399030
992458838
652505436
23223457
773611288
134956251
900191190
772935178
810296619
243626576
112149453
485635534
137295253
671022042
897704441
826371642
31425194
881449257
142209698
128489324
450645337
536683152
628671318
354541016
574024345
724130914
853674050
190855336
656263144
758844911
694964952
54574568
532012191
91383052
456725743
559813617
437850794
2954405
117768398
813424902
473097805
624380987
838358910
819640462
266073866
993222545
126199359
105385454
6017770
795490873
125693203
878795043
642329154
745195106
53519876
295702825
675550053
314469816
779355952
241149687
725659459
789542249
655457477
510921268
341513832
302920943
359789262
794506914
645362076
526834890
166897956
317493797
831120224
69314166
355058123
788103668
308378361
94263149
617403258
193485333
752285089
607342717
86222340
64273299
336606760
120965653
502176703
916842065
320497273
220914726
712195967
451795083
608214640
119558293
86488525
212183770
550183103
106380497
992799784
816741295
412232200
719052109
499260184
105150830
134077183
848026802
748529815
143125479
223139226
129746768
481408152
94796505
156919808
351925255
53834880
951207049
214453099
194594489
350917260
167287289
31451193
397933811
561119478
968397769
52208879
671271419
178980777
835127037
471694347
